11640
11640
11640
11689
11688
11688
11687
11681
11678
11677
11678
11678
11677
11677
11677
11677
11677
11676
11677
11676
11676
11676
11676
11677
11675
11676
11676
11675
11675
11675
11674
11675
11674
11737
11736
11735
11735
11729
11725
11725
11725
11725
11724
11725
11724
11724
11724
11724
11724
11724
11723
11724
11723
11724
11722
11723
11722
11722
11721
11721
11721
11721
11721
11770
11769
11768
11768
11762
11758
11758
11759
11759
11758
11759
11758
11759
11758
11758
11758
11758
11757
11757
11757
11757
11756
11756
11756
11755
11755
11755
11754
11755
11754
11821
11820
11819
11819
11813
11809
11809
11809
11809
11809
11810
11809
11810
11809
11809
11809
11809
11808
11809
11808
11808
11807
11808
11807
11806
11806
11806
11806
11806
11806
11857
11856
11855
11855
11849
11846
11845
11846
11845
11845
11845
11845
11845
11845
11844
11845
11844
11843
11844
11843
11843
11842
11843
11843
11842
11842
11842
11842
11842
11842
11906
11905
11905
11905
11900
11896
11896
11897
11897
11896
11897
11897
11898
11897
11897
11897
11897
11897
11897
11897
11897
11896
11897
11896
11896
11895
11896
11895
11896
11895
11939
11938
11938
11937
11932
11928
11928
11929
11928
11928
11928
11927
11928
11927
11927
11927
11927
11926
11927
11926
11927
11926
11927
11927
11926
11926
11926
11926
11926
11926
11988
11991
11990
11990
11985
11982
11981
11982
11982
11982
11983
11982
11983
11982
11982
11982
11982
11982
11982
11982
11982
11981
11982
11981
11981
11980
11981
11980
11981
11981
12029
12028
12028
12028
12023
12019
12019
12020
12020
12020
12020
12020
12021
12020
12020
12021
12020
12020
12021
12022
12023
12021
12023
12022
12022
12022
12023
12022
12023
12023
12069
12068
12068
12068
12063
12060
12060
12061
12061
12060
12061
12060
12061
12060
12060
12060
12060
12060
12060
12060
12060
12059
12060
12060
12059
12059
12059
12059
12060
12060
12105
12104
12104
12104
12098
12095
12094
12096
12096
12095
12096
12095
12096
12095
12095
12095
12095
12094
12095
12095
12095
12094
12095
12095
12094
12094
12094
12094
12094
12094
12153
12152
12151
12151
12145
12141
12141
12142
12141
12140
12141
12140
12140
12140
12139
12140
12139
12139
12139
12139
12139
12137
12138
12138
12138
12137
12138
12138
12138
12138
12189
12188
12188
12187
12182
12179
12178
12179
12179
12178
12179
12178
12179
12178
12178
12178
12177
12177
12178
12177
12178
12176
12177
12177
12177
12177
12177
12177
12178
12177
12237
12236
12236
12235
12230
12226
12225
12226
12225
12225
12225
12225
12225
12225
12225
12225
12225
12224
12225
12224
12224
12223
12224
12223
12222
12222
12222
12222
12222
12221
12270
12269
12268
12268
12262
12258
12258
12259
12258
12258
12258
12258
12258
12258
12257
12257
12257
12256
12257
12256
12256
12255
12256
12255
12254
12254
12254
12254
12254
12254
12321
12320
12319
12319
12313
12310
12309
12310
12310
12309
12310
12310
12310
12310
12309
12310
12310
12309
12310
12309
12309
12308
12309
12308
12308
12307
12308
12307
12309
12308
12354
12353
12353
12353
12347
12344
12344
12344
12344
12343
12344
12343
12344
12343
12343
12343
12342
12342
12342
12342
12342
12341
12342
12341
12340
12340
12340
12340
12341
12340
12405
12404
12403
12403
12397
12393
12393
12393
12393
12392
12393
12393
12393
12393
12392
12393
12392
12391
12392
12391
12392
12391
12391
12390
12390
12389
12390
12389
12389
12389
12438
12437
12436
12436
12430
12426
12426
12426
12426
12425
12426
12425
12425
12425
12425
12425
12425
12425
12425
12424
12425
12424
12425
12425
12424
12424
12424
12423
12424
12423
12489
12488
12487
12487
12481
12478
12477
12479
12478
12478
12479
12478
12479
12479
12478
12478
12478
12477
12478
12477
12477
12476
12477
12476
12476
12475
12475
12475
12475
12475
12519
12518
12517
12517
12511
12507
12507
12507
12507
12507
12508
12507
12508
12508
12508
12508
12508
12507
12508
12507
12508
12506
12507
12506
12506
12505
12506
12505
12505
12505
12570
12569
12568
12568
12562
12559
12558
12559
12558
12558
12558
12558
12558
12557
12557
12557
12557
12556
12557
12556
12556
12555
12557
12556
12555
12555
12555
12555
12555
12555
12604
12603
12602
12602
12597
12593
12593
12594
12594
12594
12594
12594
12595
12594
12594
12594
12594
12593
12594
12594
12594
12593
12595
12595
12595
12594
12595
12595
12595
12595
12655
12654
12653
12653
12647
12643
12643
12644
12643
12643
12643
12643
12643
12642
12642
12643
12642
12642
12642
12641
12642
12640
12641
12640
12640
12639
12640
12639
12639
12639
12688
12687
12686
12686
12680
12677
12676
12677
12677
12676
12676
12676
12676
12676
12676
12676
12676
12676
12677
12676
12677
12675
12676
12676
12675
12674
12675
12674
12675
12674
12739
12738
12737
12737
12731
12728
12727
12728
12728
12728
12728
12728
12729
12728
12728
12728
12728
12727
12728
12728
12728
12726
12727
12727
12726
12726
12726
12726
12726
12726
12772
12771
12770
12770
12764
12761
12760
12761
12761
12761
12762
12761
12762
12762
12762
12762
12761
12761
12761
12761
12761
12759
12760
12760
12759
12759
12759
12758
12759
12758
12821
12820
12820
12819
12814
12810
12810
12810
12810
12809
12809
12809
12809
12809
12808
12808
12808
12808
12808
12807
12808
12806
12807
12807
12806
12805
12806
12805
12806
12805
12854
12853
12853
12852
12847
12844
12843
12844
12843
12843
12843
12843
12843
12842
12842
12842
12842
12841
12842
12841
12842
12840
12841
12840
12840
12839
12840
12840
12840
12839
12911
12910
12910
12910
12905
12901
12901
12902
12902
12902
12902
12902
12903
12903
12902
12903
12902
12902
12902
12901
12902
12900
12901
12901
12900
12900
12900
12899
12900
12900
12944
12943
12942
12942
12937
12934
12934
12935
12935
12934
12935
12935
12935
12935
12934
12935
12934
12934
12934
12934
12934
12932
12933
12933
12932
12932
12932
12931
12932
12933
12988
12987
12986
12986
12981
12977
12977
12978
12978
12977
12978
12977
12978
12978
12978
12978
12978
12978
12978
12978
12978
12977
12978
12978
12977
12977
12978
12977
12977
12977
13023
13022
13022
13022
13017
13014
13013
13015
13015
13015
13016
13015
13015
13015
13014
13015
13014
13014
13014
13014
13014
13013
13014
13014
13013
13013
13013
13013
13013
13013
13071
13070
13069
13069
13063
13059
13059
13060
13059
13059
13060
13059
13060
13059
13058
13059
13058
13058
13058
13058
13058
13056
13057
13057
13056
13055
13056
13055
13056
13055
13105
13104
13104
13103
13097
13094
13093
13094
13093
13093
13093
13093
13093
13092
13092
13092
13092
13091
13092
13091
13092
13090
13091
13090
13090
13089
13090
13089
13089
13089
13153
13152
13151
13151
13145
13142
13141
13142
13141
13140
13141
13140
13141
13140
13139
13140
13139
13139
13139
13138
13139
13137
13138
13138
13137
13137
13138
13138
13138
13142
13188
13187
13187
13186
13181
13178
13177
13178
13178
13178
13178
13178
13179
13179
13179
13180
13179
13179
13180
13179
13180
13178
13179
13179
13178
13178
13178
13178
13178
13177
13236
13235
13234
13234
13228
13225
13224
13225
13225
13224
13225
13224
13225
13224
13224
13224
13224
13223
13224
13223
13223
13222
13223
13222
13222
13221
13222
13221
13221
13221
13272
13271
13270
13270
13264
13261
13261
13262
13261
13261
13261
13261
13261
13260
13260
13261
13260
13259
13260
13259
13260
13258
13259
13258
13258
13257
13257
13257
13258
13257
13320
13407
13406
13406
13400
13397
13396
13397
13396
13396
13396
13395
13396
13395
13395
13395
13395
13394
13394
13394
13394
13393
13394
13394
13393
13393
13393
13393
13393
13393
13437
13436
13435
13435
13429
13425
13425
13425
13425
13424
13425
13424
13424
13424
13423
13424
13423
13422
13423
13422
13423
13422
13422
13421
13421
13420
13421
13421
13422
13422
13467
13466
13466
13466
13461
13457
13457
13458
13458
13457
13458
13457
13458
13457
13457
13458
13458
13457
13458
13458
13459
13458
13459
13459
13459
13459
13459
13459
13459
13459
13503
13502
13501
13501
13495
13491
13491
13492
13491
13491
13491
13491
13491
13491
13490
13491
13490
13490
13490
13489
13490
13488
13489
13489
13488
13487
13488
13487
13488
13487
13530
13529
13528
13528
13522
13519
13518
13519
13518
13517
13518
13517
13518
13517
13517
13517
13516
13516
13516
13516
13516
13515
13516
13516
13515
13515
13515
13514
13515
13514
13557
13556
13555
13554
13549
13545
13545
13545
13545
13545
13545
13545
13545
13545
13544
13545
13544
13544
13544
13544
13544
13543
13544
13543
13543
13542
13543
13543
13543
13543
13587
13586
13585
13585
13579
13576
13575
13576
13576
13576
13576
13576
13577
13576
13576
13576
13576
13576
13576
13576
13577
13575
13577
13577
13576
13576
13576
13576
13576
13576
13620
13619
13619
13618
13612
13609
13608
13609
13608
13608
13608
13607
13608
13607
13607
13607
13606
13606
13606
13606
13606
13604
13605
13605
13604
13604
13604
13604
13604
13604
13656
13655
13654
13654
13648
13644
13644
13645
13644
13643
13644
13643
13644
13643
13643
13643
13643
13642
13643
13643
13643
13642
13643
13643
13643
13642
13643
13642
13642
13642
13686
13685
13684
13684
13678
13674
13674
13674
13674
13673
13674
13673
13674
13673
13672
13673
13672
13672
13672
13671
13672
13670
13671
13670
13670
13669
13670
13669
13670
13669
13737
13736
13736
13735
13730
13727
13726
13727
13727
13726
13727
13727
13727
13727
13727
13727
13727
13726
13727
13726
13727
13725
13727
13726
13726
13725
13726
13725
13726
13725
13770
13769
13769
13769
13763
13760
13759
13760
13760
13759
13760
13759
13760
13760
13759
13760
13759
13759
13759
13759
13759
13758
13758
13758
13757
13757
13757
13757
13757
13757
13821
13820
13820
13819
13814
13810
13810
13810
13810
13810
13810
13809
13810
13809
13809
13809
13808
13808
13808
13807
13808
13806
13807
13807
13806
13805
13806
13805
13806
13805
13854
13853
13852
13852
13846
13843
13842
13843
13842
13842
13842
13842
13842
13841
13841
13841
13841
13840
13841
13840
13840
13839
13840
13839
13839
13838
13839
13839
13839
13839
13908
13907
13906
13906
13901
13898
13898
13899
13899
13899
13900
13900
13901
13900
13900
13901
13901
13900
13901
13900
13900
13899
13900
13899
13899
13898
13898
13898
13898
13898
13942
13941
13940
13940
13934
13930
13930
13931
13931
13930
13931
13931
13931
13931
13930
13931
13930
13930
13930
13930
13930
13929
13930
13929
13929
13928
13928
13928
13928
13928
13987
13986
13986
13986
13981
13978
13977
13979
13979
13978
13979
13978
13979
13978
13978
13979
13979
13978
13979
13978
13979
13978
13979
13979
13978
13978
13978
13978
13978
13978
14021
14020
14020
14020
14015
14012
14012
14013
14013
14013
14013
14013
14014
14014
14013
14014
14013
14013
14014
14014
14014
14014
14015
14015
14015
14015
14016
14016
14016
14016
14070
14069
14068
14068
14062
14058
14058
14058
14058
14057
14058
14057
14057
14057
14056
14057
14056
14056
14057
14056
14057
14056
14057
14056
14056
14055
14055
14055
14055
14056
14104
14103
14103
14103
14098
14094
14094
14095
14094
14093
14094
14093
14094
14093
14093
14093
14093
14092
14093
14092
14093
14091
14093
14092
14091
14091
14092
14092
14092
14092
14155
14154
14154
14153
14147
14144
14144
14144
14144
14143
14143
14143
14144
14143
14143
14143
14143
14143
14143
14143
14144
14143
14145
14145
14145
14145
14146
14145
14146
14146
14193
14192
14192
14191
14186
14182
14182
14183
14183
14183
14184
14184
14185
14185
14185
14185
14185
14185
14185
14185
14185
14184
14185
14184
14185
14184
14185
14185
14186
14186
14237
14236
14235
14235
14229
14226
14225
14226
14225
14224
14225
14224
14225
14224
14224
14224
14224
14223
14224
14223
14224
14222
14223
14222
14222
14221
14222
14221
14222
14221
14273
14272
14272
14271
14266
14263
14262
14263
14263
14262
14263
14262
14263
14262
14262
14262
14261
14261
14262
14261
14262
14260
14261
14260
14260
14259
14260
14259
14259
14259
14321
14320
14320
14320
14315
14311
14311
14312
14312
14312
14313
14312
14313
14312
14312
14313
14312
14312
14313
14312
14313
14311
14313
14313
14312
14312
14312
14312
14313
14313
14357
14356
14356
14355
14350
14346
14346
14346
14346
14346
14346
14346
14346
14346
14345
14346
14346
14345
14346
14346
14346
14345
14346
14345
14345
14344
14345
14344
14344
14344
14405
14404
14403
14403
14397
14393
14393
14393
14393
14392
14393
14392
14393
14392
14391
14392
14391
14391
14391
14390
14391
14390
14391
14391
14390
14390
14391
14390
14391
14390
14438
14437
14436
14436
14430
14426
14426
14427
14426
14425
14426
14425
14426
14425
14424
14425
14424
14424
14424
14423
14424
14423
14423
14422
14422
14421
14422
14421
14421
14421
14486
14485
14485
14484
14479
14475
14475
14476
14475
14475
14475
14474
14475
14475
14475
14475
14475
14475
14476
14476
14476
14475
14477
14476
14476
14475
14476
14475
14476
14476
14520
14519
14519
14518
14513
14510
14509
14511
14511
14510
14511
14511
14511
14511
14510
14511
14510
14510
14511
14510
14511
14509
14510
14510
14510
14509
14510
14510
14511
14510
14570
14569
14568
14568
14562
14559
14558
14559
14558
14558
14558
14558
14558
14557
14557
14557
14557
14556
14556
14556
14556
14555
14555
14555
14554
14554
14554
14553
14554
14553
14606
14605
14604
14604
14598
14595
14594
14595
14594
14594
14594
14594
14594
14593
14593
14593
14593
14592
14592
14592
14592
14591
14591
14591
14590
14590
14590
14590
14590
14590
14654
14653
14652
14652
14646
14642
14642
14643
14642
14641
14642
14641
14642
14641
14640
14641
14640
14639
14640
14639
14640
14638
14639
14639
14638
14638
14638
14638
14638
14638
14687
14686
14686
14685
14680
14676
14676
14676
14676
14675
14675
14675
14675
14675
14675
14675
14675
14675
14675
14675
14675
14674
14675
14674
14674
14673
14674
14673
14674
14673
14738
14737
14736
14736
14730
14726
14726
14727
14727
14726
14727
14726
14727
14726
14726
14726
14725
14725
14725
14725
14725
14723
14724
14724
14723
14722
14723
14722
14723
14722
14768
14767
14767
14766
14761
14757
14757
14758
14758
14757
14757
14757
14758
14758
14757
14758
14757
14757
14758
14757
14758
14756
14757
14756
14756
14755
14756
14755
14756
14755
14819
14818
14817
14817
14812
14808
14808
14809
14809
14809
14809
14809
14809
14809
14808
14809
14808
14808
14808
14807
14808
14806
14807
14806
14806
14805
14806
14805
14805
14805
14855
14854
14853
14853
14847
14843
14843
14844
14843
14842
14843
14842
14843
14842
14841
14842
14841
14841
14841
14841
14841
14839
14840
14840
14839
14839
14839
14839
14840
14839
14906
14905
14905
14905
14900
14896
14896
14897
14897
14896
14897
14896
14897
14896
14895
14896
14896
14895
14896
14896
14896
14895
14896
14896
14895
14895
14895
14895
14895
14895
14940
14939
14939
14939
14933
14930
14930
14930
14930
14930
14930
14930
14931
14930
14930
14930
14930
14930
14930
14930
14930
14929
14930
14929
14929
14928
14929
14928
14929
14928
14988
14987
14986
14986
14980
14977
14976
14977
14977
14976
14977
14977
14978
14977
14977
14978
14978
14977
14978
14978
14978
14977
14978
14978
14978
14977
14978
14978
14978
14978
15022
15021
15021
15021
15015
15012
15012
15013
15013
15012
15013
15012
15013
15013
15012
15012
15012
15011
15012
15011
15012
15010
15011
15011
15010
15010
15010
15010
15011
15011
15070
15069
15069
15068
15063
15060
15059
15060
15060
15059
15060
15059
15060
15059
15058
15059
15058
15058
15058
15057
15058
15056
15057
15057
15056
15055
15056
15055
15056
15056
15106
15105
15104
15104
15098
15095
15094
15095
15095
15094
15094
15094
15094
15094
15093
15094
15093
15093
15093
15093
15093
15091
15092
15092
15092
15091
15092
15091
15092
15091
15156
15155
15154
15154
15148
15145
15144
15145
15144
15144
15144
15143
15144
15143
15143
15143
15142
15142
15143
15142
15143
15141
15142
15142
15142
15141
15141
15141
15141
15141
15189
15188
15188
15187
15182
15178
15178
15178
15178
15178
15178
15178
15179
15178
15178
15178
15178
15178
15179
15178
15179
15177
15179
15178
15178
15177
15178
15178
15178
15177
15236
15235
15234
15234
15228
15224
15224
15224
15224
15223
15224
15223
15224
15223
15222
15223
15223
15222
15223
15222
15223
15221
15222
15222
15222
15222
15222
15222
15222
15222
15272
15271
15271
15270
15265
15261
15260
15261
15261
15260
15261
15260
15261
15260
15260
15260
15259
15259
15259
15259
15259
15257
15258
15258
15257
15256
15257
15256
15257
15256
15320
15319
15318
15318
15312
15309
15308
15309
15309
15308
15309
15308
15309
15308
15307
15308
15307
15307
15307
15306
15307
15305
15306
15305
15305
15304
15305
15304
15304
15304
15353
15352
15351
15351
15345
15342
15341
15342
15341
15341
15341
15340
15341
15340
15340
15340
15340
15339
15339
15339
15339
15338
15338
15338
15337
15337
15337
15336
15337
15336
15404
15403
15402
15402
15396
15393
15392
15393
15392
15391
15392
15391
15392
15391
15390
15391
15390
15390
15390
15390
15390
15388
15389
15389
15388
15387
15388
15387
15388
15387
15437
15436
15436
15435
15430
15426
15426
15427
15426
15425
15426
15425
15426
15425
15425
15425
15424
15424
15424
15424
15424
15423
15424
15423
15423
15422
15422
15422
15422
15422
15488
15487
15486
15486
15480
15476
15476
15477
15476
15476
15476
15476
15476
15476
15475
15475
15475
15474
15475
15474
15474
15473
15474
15473
15472
15472
15472
15472
15472
15471
15521
15520
15519
15519
15513
15510
15509
15510
15510
15509
15509
15509
15509
15509
15508
15509
15508
15507
15508
15507
15508
15506
15507
15506
15506
15505
15506
15505
15505
15505
15569
15568
15567
15567
15561
15558
15557
15558
15557
15556
15557
15556
15557
15556
15556
15557
15557
15556
15557
15557
15557
15556
15557
15556
15556
15555
15555
15555
15555
15555
15606
15605
15605
15605
15599
15596
15596
15597
15596
15596
15597
15597
15598
15597
15597
15598
15598
15597
15598
15598
15599
15598
15599
15598
15598
15598
15598
15598
15598
15597
15654
15653
15652
15652
15646
15642
15642
15642
15642
15641
15642
15641
15641
15641
15640
15641
15640
15639
15640
15639
15640
15638
15639
15638
15638
15637
15638
15637
15638
15638
15690
15689
15688
15688
15682
15678
15678
15679
15678
15677
15678
15677
15678
15677
15676
15677
15676
15676
15677
15676
15677
15676
15677
15677
15676
15676
15676
15676
15676
15676
15739
15738
15737
15737
15732
15728
15728
15728
15728
15728
15729
15728
15729
15729
15728
15729
15729
15728
15729
15728
15729
15727
15728
15728
15728
15727
15728
15727
15728
15727
15772
15770
15770
15770
15764
15761
15761
15762
15761
15761
15762
15761
15762
15761
15761
15761
15761
15760
15761
15760
15761
15759
15761
15760
15760
15760
15760
15761
15762
15762
15822
15820
15820
15820
15814
15811
15810
15811
15810
15810
15810
15810
15810
15809
15809
15809
15809
15808
15809
15808
15808
15807
15808
15807
15806
15806
15806
15806
15806
15805
15854
15853
15853
15852
15847
15843
15842
15843
15843
15842
15842
15842
15842
15842
15841
15841
15841
15840
15841
15840
15840
15839
15840
15839
15838
15838
15838
15838
15838
15837
15905
15904
15903
15903
15898
15895
15894
15896
15895
15895
15895
15895
15895
15895
15894
15895
15895
15894
15895
15895
15896
15894
15896
15896
15895
15895
15895
15894
15895
15894
15939
15938
15937
15937
15932
15928
15928
15929
15929
15928
15929
15928
15929
15929
15928
15928
15928
15927
15928
15927
15928
15927
15928
15927
15927
15927
15928
15927
15928
15927
15987
15986
15986
15986
15981
15978
15977
15978
15978
15978
15978
15978
15979
15979
15978
15979
15979
15978
15979
15978
15979
15978
15979
15979
15978
15978
15978
15978
15978
15978
16023
16106
16106
16105
16100
16096
16096
16096
16096
16095
16096
16095
16096
16095
16094
16095
16095
16094
16094
16094
16094
16093
16093
16094
16093
16093
16094
16093
16094
16094
16140
16138
16138
16137
16132
16128
16127
16128
16127
16127
16127
16127
16127
16127
16126
16126
16126
16125
16126
16125
16125
16125
16125
16125
16124
16124
16124
16124
16125
16124
16166
16165
16165
16164
16159
16155
16154
16155
16155
16155
16155
16155
16155
16155
16154
16155
16154
16154
16154
16153
16154
16153
16153
16152
16152
16151
16152
16152
16152
16152
16197
16195
16195
16194
16189
16185
16185
16185
16185
16184
16185
16184
16184
16184
16183
16184
16184
16183
16183
16183
16183
16182
16182
16182
16181
16181
16181
16180
16181
16180
16224
16222
16222
16221
16216
16212
16211
16212
16212
16211
16211
16211
16211
16211
16210
16210
16210
16209
16210
16210
16210
16210
16210
16210
16209
16209
16209
16209
16209
16209
16253
16252
16252
16252
16246
16242
16242
16242
16242
16241
16242
16241
16241
16241
16240
16241
16240
16239
16240
16239
16240
16239
16240
16240
16240
16239
16240
16239
16240
16239
16283
16282
16281
16281
16275
16272
16271
16272
16272
16272
16273
16272
16273
16272
16272
16273
16272
16272
16273
16272
16273
16271
16272
16271
16271
16270
16270
16270
16270
16270
16322
16321
16320
16320
16315
16311
16311
16311
16311
16310
16310
16310
16310
16310
16309
16309
16309
16308
16309
16308
16308
16307
16308
16307
16306
16306
16306
16305
16306
16305
16357
16355
16355
16354
16349
16345
16344
16345
16344
16344
16344
16344
16344
16343
16343
16343
16343
16342
16343
16342
16342
16341
16341
16341
16341
16341
16342
16341
16342
16342
16405
16404
16403
16403
16397
16394
16393
16394
16393
16392
16393
16392
16393
16392
16392
16392
16392
16391
16392
16391
16392
16391
16391
16391
16390
16390
16391
16390
16390
16390
16437
16436
16436
16436
16430
16427
16426
16427
16427
16426
16427
16426
16427
16426
16426
16427
16427
16426
16427
16427
16428
16427
16428
16428
16428
16428
16429
16428
16429
16429
16489
16488
16487
16487
16481
16478
16478
16479
16478
16478
16479
16479
16480
16480
16479
16480
16479
16479
16480
16479
16480
16479
16479
16479
16479
16479
16479
16479
16480
16479
16526
16524
16524
16524
16518
16515
16515
16516
16516
16515
16516
16515
16516
16516
16515
16516
16516
16515
16516
16516
16516
16516
16517
16516
16516
16516
16517
16516
16517
16516
16570
16569
16569
16569
16563
16560
16560
16560
16560
16560
16561
16560
16561
16561
16560
16561
16561
16560
16561
16560
16561
16560
16560
16560
16560
16559
16560
16560
16561
16560
16607
16606
16605
16605
16600
16596
16596
16596
16596
16595
16596
16595
16596
16595
16595
16596
16596
16595
16596
16596
16597
16597
16597
16597
16597
16597
16598
16597
16598
16597
16656
16655
16654
16654
16648
16645
16644
16645
16645
16644
16645
16644
16645
16645
16644
16645
16645
16644
16645
16645
16645
16645
16646
16646
16645
16645
16645
16645
16645
16645
16690
16689
16688
16688
16683
16680
16679
16681
16680
16680
16681
16680
16682
16682
16682
16683
16683
16683
16684
16684
16684
16683
16684
16684
16683
16684
16684
16684
16685
16685
16739
16738
16738
16737
16732
16729
16760
16761
16761
16761
16761
16761
16761
16761
16760
16761
16760
16760
16760
16759
16760
16759
16759
16758
16758
16757
16758
16757
16757
16757
16801
16800
16799
16799
16794
16792
16792
16793
16793
16792
16793
16792
16793
16792
16792
16792
16791
16791
16791
16791
16791
16790
16790
16790
16789
16789
16789
16788
16789
16788
16832
16831
16830
16830
16824
16821
16821
16822
16821
16821
16821
16821
16822
16821
16821
16821
16821
16820
16820
16820
16820
16819
16819
16819
16818
16818
16818
16817
16818
16817
16862
16861
16860
16860
16854
16851
16850
16851
16850
16850
16851
16850
16851
16850
16850
16850
16850
16849
16850
16850
16850
16849
16849
16849
16848
16848
16848
16847
16848
16847
16904
16903
16903
16903
16898
16895
16894
16895
16895
16895
16896
16895
16896
16896
16895
16896
16896
16896
16896
16896
16897
16895
16896
16896
16895
16895
16895
16895
16896
16895
16940
16939
16939
16938
16933
16929
16929
16929
16930
16929
16930
16930
16931
16931
16930
16931
16931
16930
16931
16930
16931
16930
16931
16930
16930
16929
16930
16930
16930
16930
16989
16987
16987
16986
16981
16978
16977
16978
16978
16978
16978
16978
16978
16978
16977
16978
16977
16977
16977
16977
16977
16976
16977
16976
16976
16975
16976
16975
16976
16975
17019
17018
17017
17017
17011
17008
17007
17008
17008
17008
17009
17008
17009
17009
17008
17009
17009
17008
17009
17008
17009
17007
17008
17008
17007
17007
17007
17007
17007
17006
17071
17070
17070
17070
17064
17061
17060
17061
17061
17060
17061
17060
17061
17060
17060
17060
17060
17059
17060
17059
17060
17059
17060
17060
17059
17059
17059
17060
17061
17060
17106
17104
17104
17104
17099
17095
17095
17095
17095
17095
17095
17095
17095
17095
17094
17095
17094
17094
17094
17094
17095
17094
17095
17095
17095
17094
17095
17094
17095
17095
17155
17154
17153
17153
17148
17144
17144
17145
17144
17144
17144
17144
17144
17144
17143
17144
17144
17143
17144
17144
17145
17143
17145
17145
17145
17144
17145
17145
17145
17145
17188
17187
17186
17186
17181
17177
17177
17178
17178
17178
17178
17178
17178
17178
17178
17178
17178
17177
17178
17177
17178
17177
17178
17178
17178
17178
17178
17178
17178
17178
17240
17239
17239
17239
17233
17230
17229
17230
17230
17230
17230
17230
17231
17230
17230
17230
17230
17229
17230
17229
17230
17228
17230
17229
17229
17229
17229
17229
17230
17229
17273
17272
17272
17271
17266
17262
17262
17262
17262
17261
17262
17261
17262
17261
17260
17261
17260
17260
17260
17260
17260
17258
17259
17259
17258
17257
17258
17257
17258
17257
17322
17320
17320
17319
17314
17310
17310
17311
17310
17309
17310
17309
17310
17309
17309
17309
17308
17308
17308
17308
17308
17306
17307
17307
17306
17305
17306
17305
17306
17305
17354
17353
17352
17352
17346
17342
17342
17343
17343
17343
17343
17343
17343
17343
17343
17343
17342
17342
17342
17342
17342
17340
17341
17341
17340
17340
17340
17340
17340
17340
17405
17404
17404
17403
17398
17394
17393
17394
17393
17393
17393
17393
17393
17392
17392
17392
17392
17391
17391
17391
17391
17390
17391
17390
17390
17389
17390
17389
17390
17389
17438
17437
17436
17436
17430
17427
17426
17427
17427
17426
17426
17426
17426
17426
17425
17425
17425
17424
17424
17424
17424
17423
17424
17423
17423
17422
17423
17422
17422
17422
17489
17488
17487
17487
17481
17478
17477
17478
17477
17477
17477
17477
17477
17477
17476
17477
17476
17476
17476
17475
17476
17474
17475
17474
17474
17473
17474
17473
17473
17473
17522
17521
17520
17520
17514
17511
17511
17512
17511
17511
17511
17511
17511
17511
17510
17510
17510
17509
17510
17509
17509
17508
17509
17508
17507
17507
17507
17507
17507
17507
17572
17570
17570
17570
17564
17561
17560
17561
17560
17560
17560
17560
17560
17560
17559
17559
17559
17558
17558
17558
17558
17557
17558
17557
17556
17556
17556
17556
17556
17555
17608
17607
17606
17605
17600
17596
17596
17596
17596
17595
17596
17595
17596
17595
17594
17595
17594
17594
17594
17593
17594
17593
17593
17593
17592
17592
17592
17592
17592
17592
17656
17654
17654
17653
17648
17645
17644
17645
17644
17643
17644
17643
17644
17643
17642
17643
17642
17642
17642
17641
17642
17641
17641
17640
17640
17639
17639
17639
17640
17639
17688
17687
17686
17686
17680
17677
17676
17677
17677
17676
17677
17676
17676
17676
17676
17676
17676
17675
17675
17675
17675
17674
17675
17674
17673
17673
17673
17673
17673
17672
17740
17739
17738
17738
17732
17728
17728
17729
17729
17728
17729
17728
17729
17728
17728
17728
17728
17727
17728
17727
17727
17726
17727
17726
17725
17725
17725
17725
17725
17724
17769
17768
17767
17767
17761
17758
17757
17758
17757
17757
17757
17757
17758
17758
17757
17758
17758
17757
17757
17757
17757
17756
17757
17756
17755
17755
17755
17755
17755
17754
17821
17819
17819
17819
17814
17810
17810
17811
17810
17810
17810
17810
17810
17809
17809
17809
17809
17808
17808
17808
17808
17807
17807
17807
17806
17806
17806
17805
17806
17805
17856
17855
17854
17854
17848
17845
17844
17845
17844
17844
17844
17844
17844
17843
17843
17843
17843
17842
17842
17842
17842
17841
17842
17842
17841
17841
17841
17841
17841
17840
17904
17903
17903
17903
17898
17895
17895
17896
17895
17895
17895
17895
17895
17894
17894
17894
17894
17893
17894
17893
17893
17892
17893
17892
17892
17891
17892
17891
17892
17891
17938
17937
17936
17936
17930
17926
17926
17927
17927
17926
17927
17926
17927
17926
17925
17926
17925
17925
17925
17925
17925
17923
17925
17924
17924
17924
17924
17924
17924
17924
17989
17988
17987
17987
17981
17978
17978
17979
17979
17979
17980
17979
17980
17980
17979
17979
17979
17979
17979
17979
17979
17977
17978
17978
17977
17977
17977
17977
17977
17977
18019
18018
18017
18017
18011
18007
18007
18007
18007
18006
18007
18006
18007
18007
18006
18007
18006
18006
18006
18006
18006
18005
18005
18005
18004
18004
18004
18004
18004
18004
18070
18069
18068
18068
18062
18059
18058
18059
18059
18058
18059
18058
18059
18058
18058
18058
18057
18057
18057
18057
18057
18055
18056
18056
18055
18054
18055
18054
18055
18054
18106
18105
18105
18105
18099
18096
18095
18096
18095
18095
18095
18095
18095
18094
18094
18094
18093
18093
18093
18093
18093
18092
18092
18092
18092
18091
18092
18091
18091
18091
18154
18153
18152
18152
18146
18142
18142
18143
18142
18141
18142
18141
18142
18141
18141
18141
18140
18140
18140
18140
18140
18138
18139
18139
18139
18138
18139
18139
18140
18139
18190
18189
18189
18188
18183
18179
18179
18179
18179
18178
18179
18178
18179
18178
18178
18179
18178
18178
18178
18178
18179
18177
18178
18177
18177
18176
18176
18176
18176
18176
18238
18237
18236
18236
18230
18226
18226
18227
18227
18226
18227
18227
18228
18228
18227
18228
18227
18227
18227
18226
18227
18225
18226
18225
18225
18224
18225
18224
18225
18224
18271
18270
18269
18269
18264
18260
18260
18261
18260
18260
18260
18260
18260
18259
18259
18259
18259
18258
18258
18258
18258
18257
18257
18257
18256
18256
18256
18255
18256
18255
18322
18321
18320
18320
18314
18311
18310
18311
18311
18310
18311
18310
18311
18310
18309
18310
18309
18309
18309
18308
18309
18307
18308
18308
18307
18306
18307
18307
18307
18307
18355
18354
18353
18353
18347
18343
18343
18343
18343
18342
18343
18342
18343
18342
18342
18342
18342
18341
18341
18341
18341
18340
18341
18341
18340
18339
18340
18340
18340
18339
18406
18405
18404
18404
18398
18395
18394
18395
18394
18394
18394
18394
18394
18393
18393
18393
18393
18392
18392
18392
18392
18391
18391
18391
18391
18390
18391
18390
18391
18390
18439
18438
18437
18437
18431
18428
18427
18428
18427
18427
18427
18426
18427
18426
18426
18426
18426
18426
18426
18426
18426
18425
18426
18425
18425
18424
18424
18424
18424
18424
18487
18486
18485
18485
18479
18475
18475
18476
18475
18475
18475
18475
18476
18475
18474
18475
18474
18474
18474
18474
18474
18473
18473
18473
18472
18472
18472
18471
18472
18471
18520
18519
18518
18518
18512
18508
18508
18509
18508
18508
18508
18508
18509
18508
18508
18508
18508
18507
18508
18507
18507
18506
18507
18506
18505
18505
18505
18504
18505
18504
18572
18571
18571
18570
18565
18561
18561
18562
18561
18561
18561
18561
18561
18560
18560
18560
18560
18559
18559
18559
18559
18558
18558
18558
18557
18556
18557
18556
18557
18557
18606
18605
18605
18604
18599
18595
18595
18596
18596
18595
18596
18595
18596
18595
18594
18595
18594
18594
18594
18594
18594
18592
18593
18593
18593
18592
18593
18592
18593
18592
18657
18656
18655
18655
18649
18645
18645
18645
18645
18645
18645
18644
18645
18644
18644
18644
18644
18643
18643
18643
18643
18642
18643
18642
18642
18641
18642
18641
18642
18641
18690
18689
18688
18688
18682
18679
18678
18679
18679
18678
18679
18678
18678
18678
18677
18678
18677
18676
18677
18676
18677
18675
18676
18675
18675
18674
18675
18675
18675
18675
18739
18738
18737
18737
18731
18728
18728
18729
18729
19056
19056
19056
19056
19055
19055
19056
19056
19055
19056
19056
19056
19055
19056
19055
19055
19054
19055
19054
19054
19054
19098
19097
19096
19096
19090
19087
19086
19087
19086
19085
19086
19086
19087
19086
19086
19086
19086
19085
19086
19086
19086
19085
19086
19086
19085
19084
19085
19084
19085
19084
19126
19125
19124
19124
19119
19115
19115
19115
19115
19114
19115
19114
19115
19115
19114
19115
19114
19114
19114
19114
19114
19113
19114
19113
19113
19112
19113
19112
19113
19112
19155
19154
19154
19153
19147
19144
19143
19144
19143
19143
19143
19143
19143
19143
19143
19143
19143
19142
19142
19142
19142
19141
19141
19141
19140
19140
19140
19140
19140
19140
19188
19187
19186
19186
19180
19176
19176
19176
19176
19175
19176
19175
19176
19175
19174
19175
19175
19174
19175
19175
19175
19174
19175
19174
19174
19173
19174
19173
19173
19173
19236
19235
19234
19234
19228
19225
19224
19225
19225
19224
19225
19224
19225
19225
19224
19224
19224
19224
19224
19224
19224
19223
19223
19223
19222
19222
19222
19221
19222
19221
19272
19271
19271
19270
19265
19261
19261
19261
19261
19260
19261
19260
19261
19260
19260
19260
19259
19259
19259
19259
19259
19258
19258
19258
19257
19257
19257
19256
19257
19256
19320
19319
19318
19318
19312
19309
19308
19309
19308
19307
19308
19307
19308
19307
19307
19307
19307
19306
19307
19307
19307
19306
19306
19306
19305
19305
19305
19305
19305
19305
19353
19352
19351
19351
19345
19341
19341
19341
19341
19341
19341
19341
19342
19341
19341
19342
19342
19341
19342
19341
19342
19340
19341
19341
19340
19340
19341
19340
19340
19340
19404
19403
19402
19402
19396
19392
19392
19392
19392
19391
19392
19391
19392
19391
19391
19391
19390
19390
19390
19390
19390
19389
19390
19389
19389
19388
19389
19388
19389
19388
19437
19436
19435
19435
19429
19426
19425
19426
19425
19425
19425
19424
19425
19424
19423
19424
19423
19423
19423
19423
19423
19422
19423
19422
19422
19421
19422
19421
19421
19421
19488
19487
19486
19486
19480
19476
19476
19476
19476
19475
19476
19475
19475
19475
19475
19475
19475
19475
19475
19475
19476
19474
19475
19474
19474
19473
19474
19473
19473
19473
19521
19520
19519
19519
19513
19509
19509
19510
19509
19509
19509
19509
19509
19509
19508
19509
19508
19508
19508
19508
19508
19506
19507
19507
19506
19505
19506
19505
19506
19505
19572
19571
19571
19570
19565
19561
19561
19561
19561
19560
19560
19560
19560
19560
19559
19560
19559
19558
19559
19558
19559
19557
19558
19557
19557
19556
19556
19556
19556
19555
19605
19604
19603
19603
19597
19594
19593
19594
19593
19592
19593
19592
19593
19592
19591
19592
19591
19591
19591
19591
19591
19590
19590
19590
19589
19588
19589
19589
19589
19589
19656
19655
19654
19654
19648
19644
19644
19644
19644
19643
19644
19643
19644
19644
19644
19644
19644
19643
19644
19643
19644
19642
19643
19643
19642
19642
19642
19641
19642
19641
19689
19688
19687
19687
19681
19677
19677
19678
19677
19676
19677
19676
19677
19676
19675
19676
19675
19675
19675
19675
19675
19673
19675
19675
19675
19674
19675
19675
19675
19675
19738
19737
19736
19736
19730
19727
19727
19728
19727
19727
19728
19728
19729
19728
19728
19728
19728
19728
19728
19728
19728
19727
19728
19728
19727
19727
19727
19727
19727
19727
19771
19771
19771
19771
19765
19761
19762
19763
19763
19763
19764
19764
19764
19764
19763
19764
19763
19763
19763
19763
19763
19761
19762
19762
19761
19761
19762
19762
19763
19763
19819
19818
19817
19817
19811
19807
19807
19808
19807
19807
19807
19807
19807
19807
19806
19806
19806
19805
19806
19805
19805
19804
19805
19805
19804
19804
19804
19804
19804
19803
19856
19855
19854
19854
19848
19845
19844
19845
19844
19843
19844
19843
19844
19843
19842
19843
19842
19842
19842
19842
19842
19841
19842
19841
19840
19840
19840
19840
19840
19840
19906
19905
19905
19905
19899
19896
19896
19897
19897
19897
19897
19897
19898
19897
19897
19897
19897
19897
19897
19897
19898
19896
19897
19896
19896
19895
19896
19895
19896
19895
19938
19937
19936
19936
19931
19927
19927
19928
19928
19927
19928
19927
19927
19927
19927
19928
19928
19927
19928
19927
19928
19926
19927
19927
19927
19926
19927
19927
19928
19927
19986
19985
19984
19984
19979
19975
19974
19976
19975
19975
19976
19976
19976
19976
19976
19977
19977
19977
19978
19977
19978
19977
19977
19977
19977
19976
19977
19976
19977
19976
20020
20019
20019
20019
20014
20010
20010
20012
20011
20011
20012
20011
20012
20012
20011
20012
20011
20011
20011
20010
20011
20009
20010
20010
20010
20009
20009
20009
20010
20009
20069
20068
20067
20067
20061
20058
20058
20059
20058
20058
20058
20058
20058
20058
20057
20057
20057
20056
20057
20056
20057
20055
20056
20056
20055
20054
20055
20054
20055
20055
20106
20105
20104
20104
20098
20095
20094
20095
20094
20093
20094
20093
20094
20093
20093
20093
20092
20092
20092
20092
20092
20091
20092
20091
20090
20090
20090
20090
20090
20090
20154
20153
20152
20152
20146
20143
20142
20143
20142
20142
20142
20141
20142
20141
20141
20141
20140
20140
20140
20140
20140
20138
20140
20139
20139
20139
20139
20139
20140
20139
20190
20189
20188
20188
20182
20179
20178
20179
20178
20178
20178
20178
20178
20178
20178
20179
20178
20178
20178
20178
20179
20177
20178
20177
20177
20176
20177
20176
20176
20176
20238
20237
20237
20236
20231
20227
20227
20228
20228
20228
20228
20228
20229
20228
20228
20228
20228
20228
20228
20228
20228
20226
20227
20227
20227
20226
20227
20227
20227
20227
20272
20271
20271
20271
20265
20262
20262
20263
20263
20263
20263
20263
20263
20263
20263
20263
20263
20263
20263
20263
20264
20262
20263
20263
20262
20262
20263
20263
20264
20263
20323
20322
20321
20321
20315
20311
20311
20312
20312
20311
20312
20311
20312
20311
20311
20311
20311
20310
20311
20310
20311
20309
20310
20309
20309
20308
20309
20309
20309
20309
20356
20355
20354
20354
20348
20344
20344
20345
20344
20343
20344
20343
20343
20343
20342
20343
20342
20341
20342
20341
20342
20340
20341
20341
20340
20339
20340
20339
20340
20340
20404
20543
20542
20542
20537
20533
20533
20533
20533
20532
20533
20532
20533
20532
20531
20532
20531
20531
20531
20530
20531
20529
20531
20530
20530
20530
20530
20530
20530
20530
20575
20574
20573
20573
20567
20563
20563
20563
20563
20562
20563
20562
20562
20562
20561
20562
20561
20561
20561
20560
20561
20559
20560
20559
20559
20558
20559
20559
20559
20559
20605
20604
20604
20603
20598
20595
20595
20596
20596
20595
20595
20595
20595
20595
20594
20594
20594
20593
20594
20593
20594
20592
20593
20593
20592
20592
20592
20592
20592
20592
20656
20655
20654
20654
20648
20644
20644
20645
20644
20643
20644
20643
20643
20643
20643
20644
20643
20643
20644
20644
20645
20644
20644
20644
20643
20643
20643
20642
20643
20642
20689
20688
20687
20687
20681
20677
20677
20678
20677
20677
20677
20677
20678
20677
20677
20677
20677
20677
20677
20677
20677
20676
20676
20676
20675
20675
20675
20674
20675
20674
20737
20736
20735
20735
20729
20725
20725
20726
20726
20725
20726
20725
20726
20726
20725
20725
20725
20724
20725
20724
20725
20723
20724
20724
20723
20722
20723
20722
20723
20722
20770
20769
20768
20768
20762
20759
20758
20759
20758
20757
20758
20758
20758
20758
20758
20758
20758
20757
20757
20757
20757
20756
20756
20756
20756
20755
20756
20755
20756
20755
20821
20820
20819
20819
20813
20809
20809
20810
20810
20810
20810
20810
20810
20810
20809
20810
20809
20809
20809
20809
20809
20807
20808
20808
20807
20806
20807
20806
20807
20806
20854
20853
20852
20852
20846
20842
20842
20843
20843
20842
20843
20842
20843
20842
20842
20842
20842
20841
20841
20841
20841
20840
20841
20840
20840
20839
20840
20839
20840
20840
20905
20904
20903
20903
20898
20895
20895
20896
20895
20895
20895
20895
20895
20894
20894
20894
20894
20893
20894
20894
20894
20893
20894
20894
20894
20893
20894
20893
20894
20893
20936
20935
20935
20934
20929
20926
20925
20926
20925
20925
20925
20925
20925
20925
20924
20924
20924
20923
20924
20923
20924
20922
20923
20923
20923
20922
20923
20923
20924
20923
20987
20986
20986
20985
20980
20976
20976
20977
20977
20977
20977
20977
20977
20977
20976
20977
20976
20976
20977
20976
20977
20976
20976
20976
20976
20975
20976
20975
20976
20976
21021
21020
21019
21019
21014
21010
21010
21011
21011
21010
21011
21010
21011
21010
21010
21010
21009
21009
21009
21009
21009
21011
21013
21012
21011
21011
21012
21011
21012
21012
21072
21071
21070
21070
21064
21061
21060
21061
21060
21059
21060
21059
21060
21059
21058
21059
21058
21058
21058
21057
21058
21056
21057
21056
21056
21055
21056
21055
21055
21055
21105
21104
21104
21103
21098
21095
21094
21095
21095
21094
21095
21094
21094
21094
21093
21094
21093
21092
21093
21093
21093
21092
21093
21093
21093
21092
21093
21092
21093
21093
21156
21155
21154
21154
21148
21145
21144
21145
21144
21144
21144
21143
21144
21143
21143
21144
21144
21143
21144
21144
21145
21144
21145
21145
21144
21144
21144
21144
21144
21143
21188
21187
21186
21186
21180
21177
21176
21177
21176
21175
21176
21175
21176
21175
21174
21175
21174
21174
21174
21173
21174
21172
21173
21172
21172
21171
21172
21172
21172
21172
21239
21238
21237
21237
21231
21228
21227
21228
21227
21227
21227
21227
21228
21227
21227
21227
21227
21226
21227
21226
21227
21225
21227
21226
21226
21225
21225
21225
21225
21225
21270
21269
21268
21268
21263
21259
21259
21260
21259
21259
21259
21258
21259
21258
21258
21258
21257
21257
21257
21257
21257
21255
21256
21256
21255
21255
21255
21255
21255
21255
21320
21319
21318
21318
21312
21309
21308
21309
21308
21308
21309
21308
21309
21308
21308
21308
21307
21307
21307
21307
21307
21305
21306
21306
21305
21304
21305
21304
21305
21304
21356
21355
21354
21354
21348
21345
21344
21345
21344
21343
21344
21343
21344
21343
21342
21343
21342
21342
21342
21341
21342
21340
21341
21341
21340
21340
21341
21340
21341
21340
21404
21403
21402
21402
21396
21393
21392
21393
21392
21391
21392
21391
21391
21391
21390
21391
21390
21390
21390
21389
21390
21388
21389
21389
21388
21388
21388
21388
21389
21388
21437
21436
21436
21435
21430
21426
21426
21426
21426
21425
21426
21425
21425
21425
21425
21425
21425
21424
21425
21424
21425
21423
21424
21423
21423
21422
21423
21422
21423
21422
21488
21540
21540
21539
21534
21530
21529
21530
21530
21529
21529
21529
21529
21529
21528
21528
21528
21527
21528
21527
21528
21526
21527
21526
21526
21525
21526
21525
21525
21525
21570
21568
21567
21567
21561
21557
21557
21558
21557
21556
21557
21556
21557
21556
21556
21556
21556
21555
21555
21555
21555
21554
21555
21554
21554
21553
21553
21553
21553
21553
21597
21596
21595
21595
21589
21586
21585
21586
21585
21585
21585
21585
21585
21584
21584
21585
21584
21584
21584
21584
21584
21583
21584
21583
21582
21582
21582
21582
21582
21582
21627
21626
21625
21625
21619
21615
21615
21615
21615
21614
21615
21614
21615
21614
21614
21614
21614
21614
21614
21614
21614
21613
21613
21613
21612
21612
21612
21612
21612
21611
21654
21653
21653
21652
21646
21643
21642
21643
21642
21642
21642
21641
21642
21641
21641
21641
21640
21640
21640
21640
21640
21639
21639
21639
21638
21638
21638
21637
21638
21637
21687
21686
21685
21685
21679
21675
21675
21675
21675
21674
21675
21674
21674
21674
21673
21674
21673
21673
21673
21672
21673
21671
21672
21671
21671
21670
21670
21670
21671
21670
21738
21737
21736
21736
21730
21726
21726
21727
21726
21725
21726
21725
21726
21725
21725
21726
21725
21725
21726
21725
21726
21724
21725
21725
21724
21724
21724
21724
21724
21724
21771
21770
21769
21769
21763
21759
21759
21760
21760
21759
21760
21760
21760
21760
21759
21759
21759
21758
21759
21758
21758
21757
21758
21757
21756
21756
21756
21756
21756
21756
21822
21821
21821
21820
21815
21811
21811
21811
21811
21810
21811
21810
21810
21810
21809
21810
21809
21808
21809
21808
21809
21807
21808
21807
21807
21806
21806
21806
21807
21806
21855
21854
21853
21853
21847
21844
21843
21844
21843
21842
21843
21842
21843
21842
21841
21842
21841
21841
21841
21841
21841
21839
21840
21840
21839
21838
21839
21838
21839
21838
21906
21905
21905
21905
21900
21896
21896
21897
21896
21896
21896
21896
21896
21896
21896
21896
21895
21895
21896
21896
21897
21896
21897
21897
21896
21896
21896
21896
21896
21896
21939
21938
21937
21937
21931
21928
21927
21928
21927
21926
21927
21926
21927
21926
21925
21926
21925
21925
21925
21925
21925
21924
21925
21925
21925
21924
21925
21925
21926
21925
21987
21986
21986
21986
21980
21977
21976
21977
21977
21976
21977
21977
21978
21977
21977
21978
21977
21977
21978
21977
21978
21976
21977
21977
21977
21976
21977
21977
21977
21977
22023
22022
22021
22021
22015
22012
22012
22013
22013
22013
22013
22013
22013
22013
22012
22013
22012
22012
22012
22012
22013
22011
22012
22012
22011
22011
22012
22011
22012
22011
22072
22071
22070
22070
22064
22061
22061
22061
22061
22061
22062
22061
22061
22061
22060
22061
22061
22060
22061
22060
22061
22060
22061
22060
22060
22060
22060
22060
22061
22060
22105
22104
22104
22103
22098
22095
22094
22095
22095
22094
22095
22094
22095
22095
22094
22096
22095
22095
22096
22096
22097
22095
22097
22097
22097
22097
22097
22097
22097
22097
22154
22153
22152
22152
22146
22142
22142
22142
22142
22141
22142
22141
22142
22141
22140
22141
22140
22140
22140
22139
22140
22138
22140
22140
22139
22139
22140
22139
22140
22140
22187
22186
22185
22185
22179
22175
22175
22176
22175
22174
22175
22174
22175
22174
22174
22174
22173
22173
22173
22173
22173
22172
22173
22173
22172
22172
22172
22172
22172
22171
22238
22237
22236
22236
22230
22227
22226
22227
22226
22226
22227
22226
22227
22227
22226
22227
22226
22226
22226
22226
22226
22225
22225
22225
22224
22224
22224
22223
22224
22224
22271
22270
22269
22269
22263
22260
22259
22260
22260
22259
22259
22259
22259
22259
22258
22259
22258
22257
22258
22257
22258
22256
22257
22256
22256
22255
22256
22255
22255
22255
22320
22319
22318
22318
22312
22309
22308
22309
22308
22308
22308
22308
22308
22308
22307
22307
22307
22306
22307
22306
22307
22305
22306
22306
22305
22304
22305
22304
22305
22304
22353
22352
22351
22351
22345
22342
22341
22342
22341
22341
22342
22341
22341
22341
22340
22341
22340
22340
22340
22339
22340
22338
22339
22339
22338
22337
22338
22337
22338
22337
22407
22406
22405
22405
22399
22396
22395
22396
22395
22394
22395
22394
22395
22394
22394
22394
22394
22393
22393
22393
22393
22392
22392
22392
22392
22391
22392
22392
22392
22392
22437
22436
22435
22435
22429
22425
22425
22426
22425
22424
22425
22424
22425
22424
22423
22424
22423
22423
22423
22422
22423
22421
22422
22422
22421
22421
22421
22421
22421
22421
22488
22487
22487
22486
22480
22477
22476
22477
22477
22476
22477
22476
22477
22476
22476
22476
22476
22475
22476
22475
22475
22474
22475
22474
22473
22473
22473
22473
22473
22472
22521
22520
22519
22519
22514
22510
22510
22510
22510
22509
22510
22509
22510
22509
22509
22509
22508
22508
22508
22508
22508
22506
22507
22507
22506
22505
22506
22505
22506
22505
22572
22571
22570
22570
22564
22561
22560
22561
22560
22559
22560
22559
22560
22559
22559
22559
22558
22558
22558
22558
22558
22556
22557
22556
22556
22556
22556
22555
22556
22555
22605
22604
22604
22603
22598
22594
22594
22595
22595
22594
22595
22594
22595
22594
22593
22594
22593
22593
22593
22593
22593
22592
22593
22593
22593
22593
22594
22593
22594
22593
22656
22655
22654
22654
22649
22645
22645
22645
22645
22644
22645
22644
22644
22644
22643
22644
22643
22643
22644
22643
22644
22642
22643
22643
22642
22641
22642
22641
22642
22641
22689
22688
22687
22687
22681
22678
22677
22678
22677
22676
22677
22676
22677
22676
22675
22676
22675
22675
22675
22674
22675
22674
22674
22674
22673
22673
22673
22673
22673
22673
22737
22736
22735
22735
22729
22726
22725
22726
22725
22725
22725
22724
22725
22724
22723
22724
22724
22723
22724
22723
22723
22722
22723
22723
22722
22721
22722
22721
22722
22721
22770
22769
22769
22768
22763
22759
22759
22760
22760
22759
22760
22760
22761
22761
22760
22761
22760
22760
22760
22760
22760
22759
22760
22760
22759
22759
22760
22759
22760
22760
22822
22821
22821
22821
22816
22812
22812
22813
22812
22811
22812
22811
22812
22811
22810
22811
22810
22810
22810
22809
22810
22808
22809
22808
22808
22807
22808
22808
22808
22808
22855
22854
22853
22853
22847
22844
22843
22844
22843
22843
22843
22842
22843
22842
22842
22851
22851
22850
22851
22850
22851
22849
22850
22849
22849
22848
22848
22848
22848
22848
22905
22904
22904
22904
22899
22895
22895
22896
22895
22895
22895
22895
22895
22895
22895
22896
22895
22895
22896
22895
22896
22895
22896
22895
22895
22894
22895
22894
22895
22894
22940
22939
22938
22938
22932
22929
22928
22929
22928
22928
22929
22928
22929
22928
22928
22929
22928
22928
22928
22928
22928
22926
22927
22927
22926
22926
22926
22926
22926
22926
22988
22987
22987
22986
22981
22978
22977
22979
22978
22978
22979
22979
22979
22979
22978
22979
22978
22978
22978
22978
22978
22977
22978
22977
22978
22977
22978
22977
22978
22978
23021
23020
23020
23019
23013
23011
23010
23012
23011
23011
23012
23012
23012
23012
23011
23012
23011
23011
23011
23010
23011
23009
23010
23010
23009
23008
23009
23008
23009
23009
23069
23068
23067
23067
23061
23058
23057
23058
23057
23056
23057
23057
23057
23057
23056
23056
23056
23055
23056
23055
23056
23054
23055
23055
23054
23053
23054
23053
23054
23053
23103
23102
23102
23101
23096
23092
23092
23092
23092
23091
23092
23091
23092
23091
23091
23091
23090
23090
23090
23090
23090
23089
23089
23090
23089
23089
23089
23089
23089
23088
23157
23156
23155
23155
23149
23146
23145
23146
23145
23144
23145
23144
23145
23144
23144
23144
23144
23144
23144
23144
23145
23143
23144
23144
23143
23143
23143
23142
23143
23142
23190
23189
23188
23188
23182
23178
23178
23178
23178
23177
23178
23177
23178
23177
23176
23177
23176
23176
23176
23175
23176
23174
23175
23175
23174
23174
23174
23174
23174
23174
23238
23237
23237
23236
23231
23227
23226
23227
23227
23227
23227
23227
23227
23227
23226
23226
23226
23225
23226
23225
23225
23224
23225
23224
23223
23223
23223
23223
23223
23222
23271
23270
23269
23269
23263
23260
23260
23260
23260
23259
23260
23259
23260
23259
23258
23259
23258
23258
23258
23257
23258
23256
23257
23257
23256
23259
23259
23259
23259
23259
23322
23321
23321
23321
23315
23312
23311
23312
23311
23311
23311
23311
23311
23310
23310
23310
23310
23309
23309
23309
23309
23308
23309
23308
23307
23307
23307
23307
23307
23306
23355
23354
23353
23353
23347
23344
23344
23345
23344
23344
23344
23344
23344
23344
23343
23344
23343
23342
23343
23342
23343
23341
23342
23341
23341
23341
23341
23341
23341
23341
23406
23405
23404
23404
23398
23394
23394
23395
23394
23393
23394
23393
23394
23393
23392
23393
23392
23391
23392
23392
23393
23391
23392
23392
23392
23391
23392
23392
23392
23391
23439
23438
23438
23437
23431
23428
23427
23428
23427
23427
23427
23427
23427
23426
23426
23426
23426
23425
23425
23425
23425
23424
23425
23425
23424
23424
23424
23424
23424
23424
23487
23486
23485
23485
23479
23476
23475
23476
23475
23475
23475
23474
23475
23474
23474
23474
23474
23473
23474
23473
23474
23472
23474
23473
23472
23472
23472
23472
23472
23471
23520
23519
23518
23518
23512
23508
23508
23509
23509
23509
23509
23509
23509
23509
23508
23509
23508
23507
23508
23507
23508
23506
23507
23506
23506
23505
23505
23505
23505
23505
23571
23570
23570
23569
23564
23560
23560
23560
23560
23559
23560
23559
23560
23559
23558
23559
23558
23557
23558
23557
23558
23556
23557
23556
23556
23555
23556
23555
23555
23555
23607
23606
23605
23605
23599
23596
23595
23596
23595
23594
23595
23594
23595
23594
23594
23595
23594
23594
23594
23594
23594
23593
23594
23593
23593
23592
23593
23592
23593
23592
23655
23654
23653
23653
23647
23644
23643
23644
23643
23643
23643
23642
23643
23643
23642
23642
23642
23641
23642
23641
23641
23640
23641
23640
23640
23639
23640
23639
23640
23639
23688
23687
23686
23686
23681
23677
23677
23677
23677
23676
23677
23676
23677
23676
23676
23676
23676
23675
23676
23675
23676
23674
23675
23674
23674
23673
23674
23673
23673
23673
23739
23738
23737
23737
23731
23728
23728
23729
23728
23728
23729
23728
23729
23728
23728
23728
23728
23727
23727
23727
23727
23726
23726
23726
23725
23725
23725
23724
23725
23724
23772
23771
23771
23770
23765
23761
23761
23761
23761
23761
23761
23761
23761
23760
23760
23760
23760
23759
23759
23759
23759
23758
23759
23758
23757
23757
23757
23757
23757
23756
23820
23819
23818
23818
23812
23809
23809
23810
23810
23810
23810
23810
23810
23810
23809
23809
23809
23808
23809
23808
23808
23807
23808
23807
23806
23806
23806
23805
23806
23805
23856
23855
23855
23854
23849
23845
23845
23845
23845
23844
23845
23844
23844
23844
23843
23844
23843
23842
23843
23842
23843
23841
23842
23841
23841
23840
23840
23840
23840
23840
23908
23907
23907
23907
23902
23898
23898
23899
23899
23899
23900
23899
23900
23900
23899
23900
23899
23899
23899
23899
23899
23898
23899
23899
23899
23898
23898
23898
23898
23898
23942
23941
23940
23940
23934
23931
23931
23932
23932
23932
23933
23932
23932
23932
23931
23932
23931
23931
23931
23930
23931
23929
23930
23930
23929
23929
23929
23929
23930
23929
23987
23986
23985
23985
23980
23976
23976
23978
23977
23977
23978
23978
23978
23978
23978
23978
23978
23977
23978
23977
23978
23976
23977
23977
23977
23976
23977
23977
23977
23977
24023
24022
24022
24022
24016
24013
24013
24013
24013
24012
24013
24012
24012
24012
24011
24012
24011
24010
24011
24010
24011
24009
24010
24009
24009
24008
24009
24008
24008
24008
24071
24070
24069
24069
24063
24060
24059
24060
24059
24059
24059
24059
24059
24058
24058
24058
24057
24057
24057
24057
24057
24056
24056
24056
24055
24055
24055
24054
24055
24054
24104
24103
24102
24102
24096
24093
24092
24093
24092
24092
24092
24092
24092
24092
24091
24092
24091
24090
24091
24090
24091
24089
24090
24089
24089
24088
24089
24088
24088
24088
24155
24154
24153
24153
24147
24144
24143
24144
24143
24143
24143
24143
24143
24142
24142
24142
24142
24141
24141
24141
24141
24140
24141
24140
24140
24140
24140
24140
24140
24140
24188
24187
24186
24186
24180
24177
24176
24177
24177
24176
24176
24176
24176
24176
24175
24175
24175
24174
24175
24174
24175
24173
24174
24173
24173
24173
24173
24173
24173
24173
24236
24346
24345
24345
24340
24337
24336
24337
24337
24336
24337
24337
24339
24339
24338
24340
24339
24339
24341
24340
24341
24339
24340
24340
24340
24340
24341
24341
24341
24341
24387
24386
24386
24385
24380
24377
24376
24378
24378
24377
24378
24377
24378
24377
24377
24377
24377
24377
24377
24377
24377
24375
24376
24376
24376
24375
24376
24376
24376
24375
24420
24419
24419
24418
24412
24409
24408
24409
24409
24408
24409
24408
24409
24408
24408
24408
24407
24407
24408
24407
24408
24407
24408
24408
24407
24407
24407
24407
24407
24406
24450
24449
24448
24448
24442
24439
24438
24439
24438
24438
24438
24438
24438
24438
24437
24438
24437
24437
24437
24437
24437
24436
24437
24437
24436
24436
24437
24436
24437
24436
24480
24479
24479
24478
24473
24470
24469
24470
24470
24469
24469
24469
24469
24469
24468
24468
24468
24467
24468
24467
24467
24466
24468
24468
24467
24467
24467
24467
24467
24467
24510
24509
24508
24507
24502
24498
24498
24499
24498
24498
24499
24498
24499
24498
24498
24498
24497
24497
24497
24497
24497
24496
24496
24496
24495
24495
24496
24496
24496
24496
24536
24535
24534
24534
24529
24526
24525
24526
24526
24526
24526
24525
24526
24525
24525
24525
24525
24524
24524
24524
24524
24523
24523
24523
24522
24522
24522
24522
24522
24521
24566
24565
24564
24564
24558
24555
24554
24555
24555
24554
24555
24554
24555
24554
24554
24555
24555
24554
24555
24554
24555
24553
24554
24554
24553
24552
24553
24552
24553
24552
24597
24596
24595
24594
24589
24586
24585
24586
24585
24584
24585
24584
24585
24584
24583
24584
24583
24583
24583
24583
24584
24582
24583
24583
24583
24582
24583
24582
24583
24582
24624
24623
24622
24623
24617
24614
24614
24614
24614
24613
24614
24613
24613
24613
24612
24613
24613
24612
24613
24612
24613
24611
24612
24612
24611
24611
24611
24611
24611
24611
24657
24656
24655
24655
24650
24646
24646
24646
24646
24645
24645
24645
24645
24645
24644
24645
24644
24644
24645
24644
24645
24643
24644
24644
24643
24643
24643
24643
24643
24642
24690
24689
24688
24687
24682
24678
24678
24679
24678
24677
24678
24678
24678
24678
24677
24678
24678
24677
24678
24678
24678
24676
24677
24677
24676
24675
24676
24675
24676
24675
24738
24737
24736
24736
24730
24727
24726
24727
24726
24726
24726
24726
24726
24726
24725
24726
24725
24725
24726
24725
24726
24724
24725
24725
24724
24724
24724
24724
24724
24724
24771
24770
24769
24769
24763
24759
24759
24759
24759
24758
24759
24759
24760
24759
24758
24759
24758
24758
24759
24758
24759
24757
24758
24757
24757
24756
24756
24756
24756
24756
24822
24821
24821
24820
24815
24812
24811
24812
24811
24811
24811
24811
24811
24811
24811
24811
24811
24810
24810
24810
24810
24809
24810
24809
24808
24808
24808
24808
24808
24808
24855
24854
24853
24853
24847
24844
24843
24845
24845
24844
24845
24845
24845
24845
24844
24845
24844
24843
24844
24843
24844
24842
24843
24843
24842
24842
24843
24842
24843
24842
24906
24905
24905
24905
24900
24896
24896
24897
24896
24896
24896
24895
24896
24895
24895
24896
24895
24895
24896
24895
24896
24895
24897
24896
24896
24896
24896
24896
24896
24896
24940
24939
24939
24938
24933
24930
24930
24931
24931
24930
24931
24932
24933
24932
24932
24932
24932
24931
24932
24932
24932
24930
24931
24931
24931
24930
24930
24930
24931
24930
24988
24987
24986
24986
24980
24977
24976
24977
24977
24977
24978
24978
24978
24978
24978
24978
24978
24977
24978
24977
24978
24976
24977
24977
24976
24976
24976
24976
24977
24977
25022
25021
25021
25021
25016
25013
25013
25014
25014
25013
25013
25013
25013
25012
25012
25012
25012
25011
25011
25011
25011
25010
25010
25010
25009
25009
25009
25009
25009
25009
25085
25084
25083
25083
25078
25074
25074
25075
25075
25074
25075
25074
25074
25074
25073
25074
25073
25073
25073
25073
25073
25071
25072
25072
25071
25070
25071
25070
25071
25070
25115
25114
25113
25113
25107
25103
25103
25104
25104
25104
25104
25104
25104
25104
25104
25104
25104
25103
25104
25103
25104
25102
25104
25103
25102
25102
25102
25102
25102
25102
25154
25153
25152
25152
25146
25142
25142
25143
25142
25141
25142
25141
25142
25141
25141
25141
25141
25140
25140
25140
25140
25139
25139
25139
25139
25138
25139
25139
25139
25139
25187
25186
25185
25185
25179
25176
25175
25176
25175
25175
25175
25175
25175
25175
25175
25175
25175
25174
25175
25175
25175
25174
25175
25175
25174
25174
25174
25174
25174
25174
25238
25237
25236
25236
25230
25226
25226
25226
25226
25225
25226
25226
25227
25226
25226
25227
25226
25226
25227
25226
25227
25225
25226
25225
25225
25224
25224
25226
25227
25226
25271
25270
25269
25269
25263
25260
25260
25261
25260
25260
25261
25260
25261
25260
25260
25260
25260
25259
25259
25259
25259
25258
25259
25258
25257
25257
25257
25257
25257
25257
25320
25319
25318
25318
25312
25309
25309
25310
25310
25309
25310
25310
25311
25310
25310
25310
25310
25309
25310
25309
25310
25308
25309
25309
25309
25308
25310
25309
25310
25310
25356
25355
25354
25354
25348
25344
25344
25344
25344
25344
25344
25343
25344
25343
25343
25343
25343
25342
25342
25342
25342
25341
25342
25341
25341
25340
25341
25340
25341
25341
25404
25403
25402
25402
25396
25393
25392
25393
25392
25392
25392
25392
25392
25392
25391
25392
25392
25391
25392
25391
25392
25390
25392
25392
25392
25392
25392
25392
25392
25392
25437
25436
25435
25435
25429
25425
25425
25426
25425
25424
25425
25424
25424
25424
25424
25425
25424
25424
25424
25424
25424
25423
25424
25424
25424
25423
25424
25424
25424
25424
25486
25484
25484
25483
25478
25474
25474
25475
25474
25473
25474
25473
25474
25473
25473
25473
25473
25473
25473
25473
25473
25472
25473
25472
25471
25471
25471
25471
25471
25470
25521
25520
25519
25519
25514
25510
25510
25511
25510
25510
25511
25510
25511
25510
25510
25510
25509
25509
25509
25509
25509
25508
25509
25508
25507
25507
25507
25507
25507
25507
25569
25568
25567
25567
25561
25558
25557
25558
25558
25557
25558
25558
25558
25557
25557
25557
25557
25556
25557
25556
25556
25555
25556
25555
25555
25554
25554
25554
25554
25554
25605
25604
25604
25603
25598
25595
25594
25595
25595
25595
25596
25595
25596
25595
25594
25595
25594
25594
25594
25593
25594
25592
25593
25593
25593
25593
25593
25593
25594
25593
25656
25655
25654
25654
25648
25645
25644
25645
25644
25644
25644
25644
25644
25644
25643
25643
25643
25642
25643
25643
25643
25641
25642
25642
25642
25641
25641
25641
25641
25641
25689
25688
25687
25687
25681
25677
25677
25678
25677
25676
25677
25676
25677
25676
25676
25676
25675
25675
25675
25675
25675
25674
25675
25674
25674
25673
25674
25673
25674
25673
25737
25736
25736
25735
25730
25726
25726
25726
25726
25725
25725
25725
25726
25725
25725
25726
25725
25725
25726
25726
25726
25725
25725
25725
25724
25724
25724
25724
25724
25723
25770
25769
25768
25768
25762
25758
25758
25759
25759
25759
25759
25759
25760
25759
25759
25759
25759
25758
25759
25758
25759
25757
25758
25757
25757
25756
25757
25756
25756
25756
25819
25818
25817
25817
25811
25808
25807
25808
25807
25807
25808
25807
25808
25807
25807
25808
25807
25807
25807
25807
25807
25806
25806
25806
25805
25805
25805
25805
25805
25805
25855
25854
25853
25853
25847
25844
25843
25844
25843
25843
25843
25842
25843
25842
25842
25842
25841
25841
25841
25841
25841
25840
25841
25840
25839
25839
25839
25838
25839
25839
25905
25904
25904
25904
25898
25895
25895
25896
25896
25896
25897
25896
25897
25896
25895
25896
25895
25895
25895
25895
25895
25893
25895
25895
25894
25894
25895
25894
25895
25895
25938
25937
25936
25936
25930
25927
25927
25927
25927
25926
25927
25926
25927
25927
25927
25928
25927
25927
25928
25928
25928
25927
25928
25928
25928
25927
25927
25927
25928
25927
25986
25985
25984
25984
25978
25975
25974
25975
25975
25975
25975
25975
25976
25976
25975
25976
25975
25975
25976
25975
25976
25974
25976
25976
25975
25975
25975
25975
25975
25975
26021
26020
26019
26019
26013
26010
26009
26010
26010
26009
26010
26009
26010
26009
26009
26010
26009
26008
26009
26008
26009
26007
26008
26007
26007
26006
26007
26006
26006
26006
26072
26071
26070
26070
26064
26061
26060
26061
26060
26060
26060
26060
26060
26060
26060
26060
26060
26059
26059
26059
26059
26058
26059
26059
26058
26058
26059
26058
26059
26058
26106
26105
26104
26104
26098
26094
26094
26094
26094
26093
26094
26093
26093
26093
26092
26093
26092
26092
26092
26092
26092
26090
26091
26091
26090
26090
26091
26090
26090
26090
26157
26156
26155
26155
26149
26146
26145
26146
26145
26145
26145
26145
26146
26145
26145
26145
26145
26144
26145
26144
26144
26143
26144
26143
26142
26142
26142
26142
26142
26141
26190
26189
26188
26188
26182
26179
26178
26179
26178
26177
26178
26177
26178
26177
26177
26178
26177
26176
26177
26176
26177
26175
26176
26176
26175
26174
26175
26174
26175
26174
26238
26237
26236
26236
26230
26226
26226
26227
26226
26225
26226
26225
26226
26225
26225
26225
26225
26224
26225
26224
26225
26223
26224
26223
26223
26222
26223
26222
26222
26222
26271
26270
26269
26269
26263
26259
26259
26260
26259
26259
26259
26259
26259
26259
26258
26259
26258
26257
26258
26257
26258
26256
26257
26257
26256
26255
26256
26255
26256
26255
26320
26319
26318
26318
26313
26309
26309
26309
26309
26308
26309
26308
26309
26308
26307
26308
26307
26307
26307
26306
26307
26305
26306
26306
26305
26304
26305
26304
26305
26304
26354
26353
26353
26352
26347
26344
26343
26345
26344
26344
26345
26344
26345
26344
26344
26344
26344
26343
26344
26343
26343
26342
26343
26342
26342
26341
26342
26341
26342
26341
26406
26405
26404
26404
26398
26394
26394
26394
26394
26393
26394
26393
26394
26393
26392
26393
26392
26392
26392
26392
26392
26391
26392
26392
26391
26391
26391
26390
26391
26390
26439
26438
26437
26437
26431
26427
26427
26427
26427
26426
26427
26426
26426
26426
26425
26426
26426
26425
26426
26425
26426
26424
26425
26425
26424
26423
26424
26423
26424
26423
26487
26486
26485
26485
26479
26475
26475
26476
26475
26475
26475
26474
26475
26474
26474
26474
26474
26473
26474
26473
26474
26472
26473
26473
26472
26472
26472
26471
26472
26471
26520
26519
26518
26518
26512
26509
26508
26509
26509
26508
26509
26508
26509
26508
26508
26508
26507
26507
26507
26507
26507
26506
26507
26506
26506
26505
26505
26505
26505
26505
26571
26570
26569
26569
26563
26560
26559
26560
26559
26559
26559
26559
26559
26558
26558
26558
26558
26557
26558
26557
26558
26556
26557
26557
26556
26555
26556
26555
26556
26555
26607
26606
26606
26606
26600
26597
26596
26597
26598
26598
26598
26598
26599
26599
26599
26599
26599
26599
26599
26599
26599
26597
26598
26598
26597
26597
26597
26596
26597
26596
26655
26654
26654
26653
26648
26644
26644
26645
26644
26644
26644
26644
26644
26643
26643
26643
26643
26642
26643
26642
26642
26641
26642
26641
26640
26640
26640
26640
26640
26640
26688
26687
26686
26686
26680
26677
26676
26677
26676
26675
26676
26675
26676
26675
26674
26675
26674
26674
26674
26674
26675
26673
26674
26674
26673
26673
26673
26673
26673
26673
26738
26737
26736
26736
26731
26728
26727
26728
26728
26728
26729
26729
26729
26729
26729
26730
26729
26729
26730
26730
26730
26729
26730
26730
26730
26730
26730
26730
26731
26731
26777
26776
26775
26775
26769
26766
26765
26766
26766
26765
26765
26765
26765
26765
26764
26764
26764
26763
26764
26763
26763
26762
26763
26762
26761
26761
26762
26762
26762
26762
26819
26818
26818
26817
26812
26809
26809
26810
26809
26809
26809
26808
26809
26808
26808
26808
26807
26807
26807
26807
26807
26805
26807
26806
26805
26805
26805
26805
26805
26804
26855
26854
26853
26853
26847
26844
26843
26844
26843
26843
26843
26843
26843
26842
26842
26842
26842
26841
26841
26841
26841
26840
26841
26840
26840
26839
26839
26839
26839
26839
26904
26903
26903
26903
26898
26895
26894
26896
26896
26896
26897
26897
26897
26897
26897
26898
26898
26897
26898
26897
26898
26896
26897
26897
26896
26895
26896
27004
27005
27004
27049
27048
27048
27047
27042
27038
27038
27039
27038
27038
27038
27038
27039
27039
27039
27040
27039
27039
27040
27039
27040
27039
27040
27040
27040
27039
27040
27040
27040
27040
27085
27084
27083
27083
27078
27074
27074
27075
27075
27075
27075
27075
27075
27075
27074
27075
27074
27073
27074
27074
27074
27073
27074
27074
27073
27073
27074
27073
27074
27073
27118
27117
27117
27117
27112
27108
27108
27109
27108
27107
27108
27107
27108
27107
27106
27107
27106
27106
27106
27105
27106
27104
27105
27105
27104
27104
27104
27104
27104
27104
27149
27147
27147
27147
27141
27138
27137
27138
27137
27137
27137
27136
27137
27136
27136
27136
27135
27135
27135
27135
27135
27133
27134
27134
27133
27132
27133
27132
27133
27132
27178
27176
27176
27175
27170
27167
27167
27168
27168
27167
27168
27167
27168
27167
27167
27167
27166
27166
27166
27166
27166
27164
27165
27165
27164
27164
27165
27164
27164
27164
27211
27210
27209
27209
27203
27200
27200
27201
27200
27200
27200
27199
27200
27199
27199
27199
27198
27198
27198
27198
27198
27197
27197
27197
27196
27196
27196
27195
27196
27195
27241
27240
27239
27239
27233
27230
27229
27230
27230
27229
27230
27230
27230
27230
27229
27230
27229
27229
27229
27229
27229
27227
27228
27228
27227
27227
27227
27227
27227
27227
27271
27270
27269
27269
27264
27260
27260
27260
27260
27259
27260
27259
27260
27259
27258
27259
27258
27258
27258
27257
27258
27256
27257
27256
27256
27255
27256
27255
27255
27255
27298
27297
27297
27296
27291
27288
27287
27288
27288
27287
27288
27288
27288
27288
27288
27289
27288
27288
27289
27288
27288
27287
27288
27288
27287
27287
27288
27287
27288
27287
27331
27330
27329
27329
27323
27320
27319
27320
27319
27319
27320
27319
27320
27319
27319
27319
27319
27318
27319
27318
27318
27317
27318
27317
27317
27316
27316
27316
27316
27316
27361
27360
27359
27359
27353
27350
27349
27350
27350
27349
27350
27349
27349
27349
27349
27349
27349
27348
27349
27348
27349
27347
27348
27348
27347
27347
27347
27347
27347
27347
27406
27405
27404
27403
27398
27394
27394
27394
27394
27393
27394
27393
27394
27393
27392
27393
27392
27392
27392
27392
27392
27391
27392
27391
27390
27390
27390
27390
27390
27390
27439
27438
27437
27437
27431
27427
27427
27428
27427
27426
27427
27426
27427
27426
27426
27426
27426
27425
27426
27425
27426
27424
27425
27425
27424
27423
27424
27423
27424
27423
27487
27486
27485
27485
27479
27475
27475
27476
27475
27475
27475
27475
27475
27475
27474
27475
27474
27474
27474
27473
27474
27472
27473
27473
27472
27471
27472
27471
27472
27471
27520
27519
27518
27518
27512
27509
27508
27509
27508
27507
27508
27508
27508
27508
27507
27508
27507
27507
27507
27507
27507
27506
27506
27506
27506
27505
27506
27505
27506
27505
27571
27570
27569
27569
27563
27560
27559
27560
27559
27559
27559
27558
27559
27558
27558
27558
27558
27557
27557
27557
27557
27556
27557
27556
27556
27555
27556
27555
27556
27555
27605
27604
27603
27604
27598
27595
27595
27595
27595
27594
27595
27594
27595
27594
27594
27594
27593
27593
27593
27593
27593
27592
27593
27592
27591
27591
27592
27591
27592
27591
27656
27655
27654
27654
27648
27645
27644
27645
27644
27644
27644
27644
27645
27644
27644
27645
27645
27644
27645
27645
27645
27644
27645
27644
27644
27643
27644
27643
27644
27643
27689
27688
27687
27687
27681
27678
27677
27678
27677
27677
27677
27676
27677
27676
27675
27676
27675
27675
27675
27675
27675
27674
27675
27675
27674
27674
27674
27674
27674
27674
27740
27739
27738
27738
27732
27728
27728
27728
27728
27728
27728
27728
27728
27728
27727
27728
27727
27727
27727
27726
27727
27725
27726
27726
27725
27724
27725
27724
27725
27724
27770
27769
27768
27768
27762
27758
27758
27759
27758
27757
27758
27758
27758
27758
27757
27758
27757
27756
27757
27756
27757
27755
27756
27755
27755
27754
27755
27754
27754
27754
27821
27820
27819
27819
27813
27810
27809
27810
27809
27809
27809
27809
27809
27808
27808
27808
27808
27807
27807
27807
27807
27805
27806
27806
27805
27805
27805
27804
27805
27804
27857
27856
27855
27855
27849
27846
27845
27846
27845
27844
27845
27844
27845
27844
27844
27844
27844
27843
27844
27843
27844
27843
27844
27844
27844
27843
27844
27843
27844
27843
27909
27908
27907
27908
27902
27899
27899
27899
27899
27899
27899
27899
27900
27899
27899
27899
27899
27898
27899
27898
27899
27897
27898
27897
27897
27896
27897
27896
27896
27896
27941
27940
27939
27939
27933
27929
27929
27930
27929
27929
27930
27929
27930
27929
27928
27929
27928
27928
27929
27928
27929
27927
27928
27928
27927
27927
27928
27927
27928
27928
27987
27986
27985
27985
27980
27976
27976
27977
27977
27976
27977
27977
27977
27977
27977
27978
27977
27977
27977
27977
27978
27976
27978
27977
27977
27977
27977
27977
27978
27977
28024
28022
28022
28021
28016
28012
28012
28012
28012
28011
28012
28011
28011
28011
28010
28011
28010
28010
28010
28009
28010
28008
28010
28009
28009
28008
28009
28008
28009
28008
28071
28070
28069
28069
28063
28060
28059
28060
28059
28059
28059
28059
28059
28059
28058
28058
28058
28057
28058
28057
28057
28056
28057
28057
28056
28056
28056
28056
28056
28056
28104
28103
28102
28102
28096
28093
28092
28093
28092
28091
28092
28091
28092
28091
28090
28091
28090
28090
28090
28090
28090
28088
28089
28089
28088
28087
28088
28087
28088
28087
28155
28154
28153
28153
28147
28144
28143
28144
28143
28142
28143
28142
28143
28142
28141
28142
28141
28141
28141
28141
28141
28140
28142
28142
28142
28141
28142
28142
28143
28143
28193
28192
28191
28191
28186
28183
28183
28184
28183
28183
28184
28184
28185
28185
28185
28185
28185
28185
28186
28186
28186
28185
28187
28187
28187
28187
28187
28188
28189
28189
28237
28236
28235
28235
28229
28225
28225
28226
28225
28224
28225
28224
28224
28224
28224
28225
28224
28224
28224
28224
28224
28222
28223
28223
28222
28222
28222
28221
28222
28221
28270
28269
28268
28268
28262
28258
28258
28259
28259
28258
28259
28258
28259
28258
28257
28258
28257
28257
28257
28256
28257
28255
28256
28256
28255
28255
28255
28255
28255
28255
28321
28320
28319
28319
28313
28309
28309
28310
28310
28309
28310
28310
28310
28310
28309
28309
28309
28308
28309
28308
28308
28307
28308
28307
28306
28306
28306
28306
28306
28306
28357
28356
28356
28355
28349
28346
28345
28346
28345
28345
28345
28344
28345
28344
28344
28344
28344
28343
28344
28343
28343
28342
28343
28343
28343
28342
28343
28343
28343
28342
28405
28404
28403
28403
28397
28394
28393
28394
28393
28393
28393
28392
28393
28392
28392
28392
28392
28391
28391
28391
28391
28390
28390
28390
28389
28389
28389
28388
28389
28389
28438
28437
28436
28436
28430
28427
28426
28427
28426
28425
28426
28425
28426
28425
28424
28425
28424
28424
28424
28423
28424
28422
28423
28422
28422
28421
28422
28421
28422
28421
28489
28488
28487
28487
28481
28478
28477
28478
28478
28477
28478
28477
28478
28477
28476
28477
28476
28476
28476
28476
28476
28474
28475
28475
28474
28474
28474
28474
28474
28474
28523
28522
28521
28521
28515
28512
28512
28513
28512
28512
28513
28512
28513
28512
28512
28512
28511
28511
28511
28511
28511
28509
28510
28510
28509
28509
28509
28508
28509
28508
28571
28570
28569
28569
28563
28560
28559
28560
28560
28559
28559
28559
28559
28559
28558
28558
28558
28557
28558
28557
28557
28556
28557
28557
28556
28556
28556
28556
28557
28556
28604
28603
28602
28602
28596
28593
28592
28593
28592
28592
28592
28592
28592
28591
28591
28591
28591
28590
28590
28590
28590
28589
28589
28589
28588
28588
28588
28587
28588
28587
28655
28654
28653
28653
28647
28643
28643
28643
28643
28642
28643
28642
28642
28642
28641
28642
28641
28641
28641
28640
28641
28640
28641
28640
28640
28639
28640
28639
28640
28639
28688
28687
28686
28686
28680
28677
28676
28677
28676
28675
28676
28675
28676
28675
28674
28675
28675
28674
28675
28674
28675
28673
28674
28674
28673
28672
28673
28672
28673
28672
28736
28735
28734
28734
28728
28725
28724
28725
28725
28724
28724
28724
28724
28724
28723
28723
28723
28723
28723
28723
28723
28722
28723
28722
28722
28721
28722
28721
28722
28721
28772
28771
28770
28770
28765
28761
28761
28761
28761
28760
28761
28760
28761
28760
28760
28760
28760
28759
28760
28759
28759
28758
28759
28759
28758
28758
28758
28758
28758
28758
28823
28822
28822
28821
28815
28812
28811
28812
28811
28811
28812
28811
28812
28812
28811
28812
28811
28811
28811
28810
28811
28809
28810
28811
28810
28810
28810
28810
28810
28810
28857
28855
28855
28854
28849
28845
28845
28846
28845
28845
28845
28844
28845
28844
28844
28844
28843
28843
28843
28843
28843
28841
28842
28842
28841
28840
28841
28841
28841
28841
28905
28904
28904
28903
28898
28895
28895
28896
28896
28896
28896
28896
28896
28896
28895
28895
28895
28895
28896
28895
28896
28896
28896
28896
28895
28895
28895
28895
28895
28894
28938
28937
28936
28936
28930
28927
28926
28927
28926
28926
28926
28925
28926
28925
28925
28925
28924
28924
28925
28925
28925
28924
28925
28924
28924
28923
28924
28924
28924
28924
28986
28985
28984
28984
28979
28975
28975
28975
28975
28975
28975
28975
28976
28975
28975
28975
28975
28974
28975
28975
28975
28974
28975
28975
28974
28974
28975
28974
28975
28974
29007
29007
29007
29007
29007
29007
29007
29008
29007
29006
29007
29006
29006
29006
29006
29006
29004
29005
29004
29004
29003
29004
29003
29004
29003
